%% angFreq	12h	24h	48h	72h	96h
0.01	1.56634	8.72069	3.29159	2.37479	0.05858
0.01585	2.49841	9.88222	3.2713	2.61963	0.06562
0.02512	3.51097	10.5991	3.2896	2.73463	0.06668
0.03981	4.24158	11.3131	3.3891	2.79354	0.06767
0.0631	4.90479	11.9706	3.43965	2.87234	0.07041
0.1	5.42273	12.8018	3.54916	3.06019	0.06836
0.15849	6.12904	12.37	3.68837	3.10798	0.07553
0.25119	6.76039	12.6883	3.85075	3.28121	0.07274
0.39811	7.58987	13.4361	3.91686	3.50644	0.07807
0.63096	8.38562	14.1029	4.08595	3.61865	0.08106
1	9.28596	14.5536	4.23289	3.76238	0.07398
1.5849	10.3558	15.069	4.32618	4.07528	0.06253
2.51189	11.5523	15.7802	4.483	4.38119	0.02939
3.98105	12.9021	16.191	4.56927	4.83105	-0.06043
6.30957	14.5651	16.8863	4.57823	5.68503	-0.28994
10.0001	16.4039	17.2029	4.2829	7.30984	-0.86733
15.849	18.4827	16.889	3.41428	11.0296	-2.28666
25.1188	20.8934	15.1212	0.06796	19.8919	-6.4183
39.8105	21.0378	8.67815	-6.73076 41.4424 -14.5849
63.0957	22.3286	-10.5089 -31.5628 94.1057 -40.5886
100	48.6309	-53.1774 -70.1472 228.32 -95.5777
